cysA,a	cysM,b	cysP,c	cysU,d	cysW,e	
NC_003384:
NC_002163:cysW,275734,275059,+1	cysA,275063,274178,+1	cysM,849309,848409,+1	
NC_004917:cysU,633546,634224,1	cysA,634220,635111,1	cysM,825489,826392,1	
NC_005090:cysM,1137485,1138484,1	cysU,1314769,1315465,1	cysA,1315467,1316517,1	
NC_002696:cysP,299484,300534,-1	cysM,1576138,1577137,-1	cysU,1764640,1765600,1	cysW,1765599,1766457,1	cysA,1766413,1767493,1	
NC_004463:cysP,1615859,1616873,1	cysU,1616910,1617750,1	cysW,1617761,1618673,1	cysA,1618662,1619697,1	cysM,4924246,4925281,-1	
NC_003065:cysA,40054,39280,+1	
NC_003047:cysM,370366,371335,-1	cysW,2395400,2396207,1	cysU,3160884,3161586,1	cysA,3161582,3162656,1	
NC_002678:cysM,249602,250637,1	cysP,1397518,1398547,1	cysU,1398628,1399480,1	cysW,1399472,1400357,1	cysA,1400369,1401410,1	
NC_012442:cysU,89347,90034,1	cysA,90030,91110,1	
NC_004310:cysP,109808,110837,1	cysU,110931,111798,1	cysW,111787,112654,1	cysA,112751,113831,1	cysM,1022691,1023720,1	
NC_004757:cysU,628442,627608,+1	cysW,627599,626720,+1	cysA,626724,625635,+1	cysP,631781,630773,+1	cysM,1574511,1573623,+1	
NC_005085:cysU,1989456,1988583,+1	cysW,1988587,1987708,+1	cysA,1987707,1986630,+1	cysP,1991028,1989990,+1	cysM,3302721,3301830,+1	
NC_003112:cysM,791623,790690,-1	cysU,902961,902124,+1	cysW,901873,901012,+1	cysA,901016,899942,+1	cysP,1033612,1032556,+1	
NC_003295:cysM,968490,969393,1	cysP,1423810,1424821,1	cysU,1431549,1432464,1	cysW,1432465,1433446,1	cysA,1433442,1434561,1	
NC_002929:cysM,996277,997189,1	cysP,1004062,1005097,1	cysA,3294005,3295115,-1	cysU,3295126,3295807,-1	
NC_002927:cysP,3697228,3696193,+1	cysU,3696178,3695302,+1	cysW,3695306,3694406,+1	cysA,3694382,3693317,+1	cysM,3705028,3704116,+1	
NC_002928:cysP,1766094,1766982,1	cysU,1766997,1767879,1	cysW,1767875,1768775,1	cysA,1768799,1769864,1	cysM,3359761,3360673,-1	
NC_002488:cysM,783384,784383,-1	cysP,1291348,1292368,1	cysU,1292371,1293232,1	cysW,1293228,1294188,1	cysA,1294201,1295248,1	
NC_003919:cysP,1172904,1173921,1	cysU,1173924,1174785,1	cysW,1174781,1175735,1	cysA,1175736,1176774,1	cysM,3936659,3937619,1	
NC_007086:cysM,1179287,1178327,+1	cysP,3947791,3946771,+1	cysU,3946768,3945907,+1	cysW,3945911,3944957,+1	cysA,3944950,3943918,+1	
NC_002516:cysP,317789,316790,+1	cysU,316629,315810,+1	cysW,315800,314930,+1	cysA,314927,313937,+1	cysM,1021607,1020707,-1	
NC_002947:cysM,1849455,1848555,-1	cysP,5897379,5896350,+1	cysU,5896166,5895347,+1	cysW,5895336,5894463,+1	cysA,5894460,5893470,+1	
NC_004632:
NC_004349:
NC_004460:cysP,740826,741843,1	cysU,741843,742692,1	cysW,742688,743564,1	cysA,743585,744623,1	
NC_004605:cysW,963943,963253,+1	cysA,963257,962150,+1	
NC_000907:cysA,142162,143149,-1	cysU,143192,145091,-1	cysM,1165731,1166682,1	cysM,1165731,1166682,1	
NC_002663:cysW,55627,53968,+1	cysA,53966,52928,+1	cysM,1902266,1901318,+1	cysM,1902266,1901318,+1	
NC_005061:cysM,565186,564241,-1	cysP,571503,570468,+1	cysU,570464,569627,+1	cysW,569626,568768,+1	cysA,568739,567686,+1	
NC_011833:cysM,72179,71231,+1	cysM,72179,71231,+1	
NC_003132:
NC_003384:
NC_004741:cysP,2518965,2517948,+1	cysU,2517949,2517115,+1	cysW,2516690,2516240,+1	cysA,2516251,2515153,+1	cysM,2515020,2514108,+1	
NC_000913:cysP,2543528,2542511,+1	cysU,2542512,2541678,+1	cysW,2541679,2540803,+1	cysA,2540814,2539716,+1	cysM,2539583,2538671,+1	
