flgB,a	flgC,b	flgD,c	flgE,d	flgF,e	flgG,f	flgH,g	flgI,h	flgJ,i	
NC_003384:
NC_002163:flgD,61342,62227,1	flgE,62230,63868,1	flgC,489457,489952,-1	flgB,489961,490393,-1	flgH,641101,641800,-1	flgH,641101,641800,-1	flgI,1398467,1399514,1	
NC_004917:flgI,137131,138178,-1	flgG,1060467,1061301,1	flgB,1346854,1347289,1	flgC,1347307,1347799,1	flgE,1629285,1631442,1	
NC_005090:flgI,1510135,1509085,+1	flgI,1510135,1509085,+1	flgB,1583939,1583501,+1	flgC,1583473,1582978,+1	flgH,1991931,1991214,-1	flgH,1991931,1991214,-1	
NC_002696:flgC,1059674,1060094,1	flgG,2274795,2275533,1	flgE,2275546,2276335,1	flgH,2277155,2277890,1	flgI,2792780,2793893,1	
NC_004463:flgE,4091462,4090196,-1	flgD,7549393,7548970,+1	flgH,7565467,7564771,+1	flgC,7569474,7569057,+1	flgG,7568708,7567919,+1	flgI,7567433,7566302,+1	
NC_003065:
NC_003047:flgF,721907,722633,1	flgC,725324,725744,1	flgG,726090,726879,1	flgI,727403,728519,1	flgH,729051,729762,1	flgE,743201,744422,1	
NC_002678:flgG,2342399,2343125,1	flgC,2345789,2346206,1	flgE,2346536,2347325,1	flgI,2348005,2349094,1	flgH,2349681,2350389,1	
NC_012442:flgF,125365,126097,1	flgC,142775,143198,1	flgE,143618,144407,1	flgI,144936,146271,1	flgH,146836,147553,1	
NC_004310:
NC_004757:flgB,331549,331963,1	flgC,331968,332373,1	flgD,332389,333061,1	flgE,333075,334308,1	flgF,334347,335091,1	flgG,335158,335941,1	flgH,335978,336773,1	flgI,336794,337907,1	flgJ,338079,339093,1	
NC_005085:flgB,3164280,3163866,+1	flgC,3163862,3163451,+1	flgD,3163383,3162708,+1	flgE,3162670,3161419,+1	flgF,3161401,3160660,+1	flgE,3160627,3159844,+1	flgH,3159802,3159118,+1	flgI,3159096,3157998,+1	flgJ,3157934,3157004,+1	
NC_003112:
NC_003295:
NC_002929:flgB,1449237,1449645,1	flgC,1449657,1450077,1	flgD,1450124,1450829,1	flgE,1450894,1452316,1	flgF,1452354,1453119,1	flgG,1453162,1453948,1	flgH,1453947,1454637,1	flgI,1454639,1455773,1	flgJ,1455790,1456813,1	
NC_002927:flgB,2722235,2722643,1	flgC,2722655,2723075,1	flgD,2723122,2723827,1	flgE,2723893,2725315,1	flgF,2725353,2726118,1	flgG,2726161,2726947,1	flgH,2726943,2727636,1	flgI,2727638,2728772,1	flgJ,2728789,2729809,1	
NC_002928:flgB,1593457,1593865,1	flgC,1593877,1594297,1	flgD,1594344,1595049,1	flgE,1595114,1596536,1	flgF,1596574,1597339,1	flgH,1598164,1598857,1	flgI,1598859,1599993,1	flgJ,1600010,1601030,1	
NC_002488:
NC_003919:flgG,2314248,2313462,+1	flgH,2313424,2312731,+1	flgI,2312721,2311602,+1	flgJ,2311601,2310422,+1	flgB,2318689,2318287,+1	flgC,2318284,2317876,+1	flgD,2317839,2317173,+1	flgE,2317142,2315918,+1	flgF,2315776,2315020,+1	
NC_007086:flgB,2692744,2693146,1	flgC,2693149,2693557,1	flgD,2693580,2694246,1	flgE,2694277,2695501,1	flgF,2695644,2696400,1	flgG,2697354,2698140,1	flgH,2698178,2698871,1	flgI,2698881,2700000,1	flgJ,2700001,2701189,1	
NC_002516:flgB,1164274,1164682,1	flgC,1164687,1165128,1	flgD,1165140,1165854,1	flgE,1165881,1167270,1	flgF,1167487,1168237,1	flgE,1168283,1169069,1	flgH,1169114,1169810,1	flgI,1169821,1170931,1	flgJ,1170941,1172144,1	
NC_002947:flgB,4983548,4983137,+1	flgC,4983135,4982691,+1	flgD,4982679,4981977,+1	flgE,4981949,4980626,+1	flgF,4980208,4979467,+1	flgE,4979420,4978634,+1	flgH,4978598,4977902,+1	flgI,4977890,4976780,+1	flgJ,4976769,4975614,+1	
NC_004632:
NC_004349:
NC_004460:
NC_004605:flgB,265845,266208,1	flgC,266210,266645,1	flgD,266644,267328,1	flgE,267354,268551,1	flgF,268563,269295,1	flgG,269320,270106,1	flgH,270138,270810,1	flgI,270794,271931,1	
NC_000907:
NC_002663:
NC_005061:
NC_011833:flgC,372424,372835,1	flgD,372846,373557,1	flgE,373597,374824,1	flgF,374850,375609,1	flgG,375626,376409,1	flgH,376492,377209,1	flgI,377389,378547,1	flgJ,378546,378846,1	
NC_003132:
NC_003384:
NC_004741:flgB,1121670,1122087,1	flgD,1122505,1123201,1	flgE,1123225,1124434,1	flgG,1125342,1126125,1	flgH,1126177,1126876,1	flgI,1126887,1127985,1	flgJ,1127984,1128926,1	
NC_000913:flgB,1131017,1131434,1	flgC,1131437,1131842,1	flgD,1131853,1132549,1	flgE,1132573,1133782,1	flgF,1133801,1134557,1	flgG,1134728,1135511,1	flgH,1135563,1136262,1	flgI,1136273,1137371,1	flgJ,1137370,1138312,1	
