livF,a	livG,b	livH,c	livK,d	livM,e	
NC_003197:livK,3733502,3732392,+1	livH,3732333,3731406,+1	livM,3731410,3730132,+1	livG,3730136,3729368,+1	livF,3729367,3728653,+1	
NC_002163:livG,948795,948024,+1	livF,948038,947342,+1	livK,953005,951889,+1	livK,951868,950758,+1	livH,950740,949843,+1	
NC_005090:livK,1412146,1411027,+1	livH,1411018,1410115,+1	livM,1410029,1409072,+1	livG,1409076,1408299,+1	livF,1408313,1407617,+1	
NC_004917:
NC_002696:
NC_004463:livK,1172633,1171502,+1	livH,1171341,1170465,+1	livM,1170469,1169470,+1	livG,1169474,1168730,+1	livF,1168719,1167981,+1	
NC_003047:livH,2673893,2672990,+1	livM,2672986,2671600,+1	livG,2671601,2670713,+1	livF,2670717,2669991,+1	livK,2669507,2668388,+1	
NC_003064:livF,253671,254646,1	livG,254642,255632,1	livK,524982,526233,1	livH,526471,527281,1	
NC_002679:livH,35858,36869,1	livG,37793,38552,1	livF,38544,39249,1	
NC_004311:livK,20660,22076,1	livG,944250,945066,1	livF,945058,945784,1	livH,945788,946676,1	
NC_012442:livK,20691,22107,1	livG,922782,923598,1	livF,923590,924316,1	livH,924320,925208,1	
NC_004757:
NC_005085:livK,426701,427856,-1	livH,1606624,1607554,1	livM,1607570,1608662,1	livG,1608664,1609435,1	livF,1609431,1610142,1	
NC_003112:
NC_003295:livK,2648020,2647009,+1	livH,2646799,2645863,+1	livM,2645850,2644713,+1	livG,2644700,2643926,+1	livF,2643917,2643182,+1	
NC_002929:livK,1350979,1349863,+1	livH,1349761,1348834,+1	livM,1348835,1347596,+1	livG,1347600,1346832,+1	livF,1346832,1346130,+1	
NC_002928:livK,2782830,2783976,1	livH,2784125,2785055,1	livM,2785051,2786140,1	livG,2786136,2786940,1	livF,2786936,2787668,1	
NC_002927:livK,2172125,2173271,1	livH,2173420,2174350,1	livM,2174346,2175435,1	livG,2175431,2176235,1	livF,2176231,2176963,1	
NC_002489:
NC_003919:
NC_007086:
NC_002516:livK,1162977,1161855,+1	livH,1161595,1160671,+1	livM,1160675,1159421,+1	livG,1159425,1158657,+1	livF,1158655,1157953,+1	
NC_002947:livK,1307615,1306499,+1	livH,1306314,1305390,+1	livM,1305394,1304137,+1	livG,1304141,1303373,+1	livF,1303373,1302671,+1	
NC_004633:
NC_004349:
NC_004603:livG,4983,5721,-1	livF,602914,603733,1	
NC_004460:
NC_000907:livF,1251719,1250726,+1	livG,1250724,1249740,+1	
NC_002663:livF,269611,270610,1	livG,270626,271607,1	
NC_005061:
NC_011833:
NC_003143:livK,4275359,4274243,+1	livH,4274063,4273136,+1	livM,4273140,4271853,+1	livG,4271857,4271089,+1	livF,4271045,4270343,+1	
NC_004741:livK,4205934,4207044,1	livH,4207091,4208018,1	livM,4208014,4209292,1	livG,4209288,4210056,1	livF,4210057,4210771,1	
NC_000913:livK,3597560,3596450,+1	livH,3596403,3595476,+1	livM,3595480,3594202,+1	livG,3594206,3593438,+1	livF,3593437,3592723,+1	
NC_003197:livK,3733502,3732392,+1	livH,3732333,3731406,+1	livM,3731410,3730132,+1	livG,3730136,3729368,+1	livF,3729367,3728653,+1	
