apaG,a	apaH,b	lptD,c	pdxA,d	rsmA,e	surA,f	
NC_003384:
NC_002163:
NC_004917:
NC_005090:
NC_002696:surA,1861120,1859614,+1	pdxA,1859618,1858616,+1	rsmA,1858518,1857741,+1	apaG,2439184,2438719,-1	
NC_004463:surA,203020,202048,-1	apaG,1215102,1214697,+1	pdxA,4534744,4533706,+1	rsmA,4533707,4532852,+1	lptD,4538291,4535738,+1	
NC_003065:
NC_003047:apaG,578046,577653,+1	pdxA,1250106,1249077,+1	rsmA,1249078,1248253,+1	lptD,1253603,1251257,+1	
NC_002678:surA,2795004,2794092,+1	apaG,4540561,4540168,+1	pdxA,6504978,6503949,+1	rsmA,6503953,6503113,+1	lptD,6508429,6506002,+1	
NC_012442:
NC_004310:apaG,316425,316032,+1	pdxA,670307,669275,+1	rsmA,669279,668448,+1	lptD,674017,671638,+1	
NC_004757:apaH,666629,667436,-1	lptD,961683,963855,1	surA,963854,965201,1	pdxA,965253,966264,1	rsmA,966330,967104,1	apaG,1706971,1707355,-1	
NC_005085:rsmA,133591,134380,-1	apaG,2355426,2355807,1	apaH,4397962,4398796,-1	lptD,4562440,4564702,1	surA,4564714,4566004,1	pdxA,4566003,4566990,1	
NC_003112:pdxA,195139,196147,1	lptD,283437,285714,1	surA,285815,286862,1	rsmA,722578,723358,-1	
NC_003295:lptD,551120,553556,1	surA,553552,555049,1	pdxA,555146,556163,1	rsmA,556193,557039,1	apaH,729077,729929,-1	apaG,3106590,3106965,-1	
NC_002929:apaH,327586,328420,-1	pdxA,2964312,2965290,1	apaG,3484758,3485154,1	lptD,3548640,3551013,1	surA,3551009,3552569,1	rsmA,3552593,3553391,1	
NC_002927:pdxA,2043192,2042214,+1	lptD,4365476,4363103,+1	surA,4363107,4361547,+1	rsmA,4361523,4360725,+1	apaH,4687663,4686829,-1	apaG,4924127,4923752,+1	
NC_002928:pdxA,2652620,2651642,+1	lptD,3967364,3964991,+1	surA,3964995,3963435,+1	rsmA,3963411,3962613,+1	apaH,4252816,4251982,-1	apaG,4488782,4488386,+1	
NC_002488:lptD,790041,792420,1	surA,792416,793811,1	pdxA,793814,794807,1	rsmA,2039853,2040726,1	apaG,2040762,2041146,1	apaH,2041160,2042039,1	
NC_003919:lptD,1030036,1027582,+1	surA,1027586,1026194,+1	pdxA,1026175,1025203,+1	rsmA,1025086,1024297,+1	apaG,1024261,1023877,+1	apaH,1023849,1022904,+1	
NC_007086:lptD,4085605,4088035,1	surA,4088031,4089423,1	pdxA,4089427,4090396,1	rsmA,4090962,4091751,1	apaG,4091828,4092212,1	apaH,4092240,4093221,1	
NC_002516:lptD,656527,653752,+1	surA,653772,652479,+1	pdxA,652483,651496,+1	rsmA,651381,650574,+1	apaG,650538,650157,+1	apaH,650158,649306,+1	
NC_002947:surA,489616,488296,+1	pdxA,488300,487310,+1	rsmA,487314,486510,+1	apaG,486313,485932,+1	apaH,485933,485066,+1	
NC_004632:
NC_004349:
NC_004460:
NC_004605:
NC_000907:
NC_002663:surA,1400200,1401136,1	rsmA,1401238,1402105,1	apaH,1402126,1402954,1	lptD,1810986,1813347,-1	pdxA,1858390,1859404,-1	
NC_005061:lptD,149157,146700,+1	surA,146651,145370,+1	pdxA,145378,144349,+1	rsmA,144369,143553,+1	apaH,143440,142621,+1	
NC_011833:surA,146079,147372,1	rsmA,147425,148247,1	apaH,148291,149116,1	
NC_003132:
NC_003384:
NC_004741:lptD,55913,53558,+1	surA,53506,52219,+1	pdxA,52220,51230,+1	rsmA,51234,50412,+1	apaG,50410,50032,+1	apaH,50026,49183,+1	
NC_000913:lptD,57109,54754,+1	surA,54702,53415,+1	pdxA,53416,52426,+1	rsmA,52430,51608,+1	apaG,51606,51228,+1	apaH,51222,50379,+1	
