baeR,a	baeS,b	mdtA,c	mdtB,d	mdtC,e	mdtD,f	
NC_003197:mdtA,2214283,2215525,1	mdtC,2215524,2218647,1	mdtC,2218647,2221728,1	mdtD,2221724,2223137,1	baeS,2223136,2224540,1	baeR,2224536,2225259,1	mdtB,2593646,2596760,1	
NC_002163:mdtA,336821,335717,+1	mdtB,335718,332595,+1	baeS,1152345,1151154,+1	baeR,1192459,1191787,-1	
NC_005090:baeR,77063,77732,1	baeS,77721,78954,1	mdtA,401613,402759,1	mdtB,402768,405921,1	
NC_004917:mdtA,172021,170839,+1	mdtB,170830,167701,+1	mdtC,606521,603455,-1	baeR,1536049,1535383,+1	baeS,1585788,1584504,-1	
NC_002696:baeR,252524,253232,1	baeS,253206,254811,1	mdtB,897104,900260,-1	mdtA,900272,901439,-1	mdtD,3297578,3298988,-1	mdtD,3969767,3971369,1	
NC_004463:mdtA,271600,272773,1	mdtC,272769,275913,1	baeS,312982,314407,-1	baeR,314416,315391,-1	mdtB,373282,376429,1	mdtD,4408474,4409965,-1	
NC_003047:baeR,52141,51418,+1	baeS,51039,49251,+1	mdtA,224287,223063,+1	mdtB,223053,219906,+1	mdtD,834788,833375,+1	
NC_003064:baeR,171552,172227,1	baeS,172228,173578,1	mdtA,173824,175018,1	mdtB,371015,374174,-1	
NC_002679:
NC_004311:mdtA,316678,315442,+1	mdtB,315439,312214,+1	baeR,461255,460538,+1	baeS,460542,459117,+1	mdtD,668444,667034,+1	
NC_012442:mdtD,115907,114329,+1	baeR,217572,216894,+1	baeS,216895,215554,+1	mdtA,316132,314908,+1	mdtB,314905,311680,+1	mdtD,647543,646133,+1	
NC_004757:mdtA,388835,387653,+1	mdtB,387652,384523,+1	baeR,384436,383764,+1	baeS,383768,382382,+1	mdtC,584576,581453,-1	mdtA,581457,580263,-1	
NC_005085:mdtD,53262,54783,-1	baeR,226115,226847,1	baeS,226898,228185,1	mdtB,451869,455013,-1	mdtA,455033,456221,-1	mdtD,3829975,3831349,-1	
NC_003112:baeR,627821,627143,+1	baeS,627130,625723,+1	mdtD,1476527,1475120,+1	mdtA,1796420,1795181,+1	mdtB,1795170,1791966,+1	
NC_003295:mdtA,12817,11620,+1	mdtB,11595,8445,+1	baeR,595900,595201,+1	baeS,595209,593667,+1	mdtD,1377863,1376306,+1	
NC_002929:mdtA,859213,858106,+1	mdtB,858094,854980,+1	mdtD,1230338,1228916,-1	baeR,2632818,2632122,-1	baeS,2632081,2629366,-1	mdtD,4032306,4030848,-1	
NC_002928:baeR,396898,396184,+1	baeS,396188,394814,+1	mdtA,461319,460137,+1	mdtB,460121,456959,+1	mdtD,1368870,1367439,-1	mdtD,1710986,1709540,+1	
NC_002927:mdtD,122527,121093,+1	baeR,392296,391582,+1	baeS,391586,390212,+1	mdtA,456467,455285,+1	mdtB,455269,452083,+1	mdtD,4731871,4730413,-1	
NC_002489:
NC_003919:baeR,386340,387024,-1	baeS,387020,388400,-1	mdtA,388560,389787,1	mdtB,389796,392946,1	mdtD,1669133,1670714,1	mdtA,2406715,2407831,1	mdtC,2407857,2411337,1	mdtC,2411333,2414420,1	
NC_007086:baeS,925325,926822,-1	baeR,926818,927538,-1	mdtD,2127182,2128613,-1	mdtA,2376197,2377313,1	mdtB,2377309,2380810,1	mdtC,2380806,2383893,1	
NC_002516:mdtD,277893,279399,-1	mdtD,516028,517462,-1	mdtA,1562812,1563970,1	mdtC,1563966,1567077,1	baeR,1567180,1567870,1	baeS,1567847,1569293,1	
NC_002947:baeS,3912773,3914075,-1	baeR,3914081,3914921,-1	mdtA,3915028,3916204,1	mdtB,3916215,3919344,1	mdtC,4065952,4069060,-1	mdtD,5640332,5641760,1	
NC_004633:
NC_004349:
NC_004603:mdtB,42144,45267,-1	mdtA,45278,46385,-1	baeR,164728,165448,1	baeS,165553,166846,1	
NC_004460:mdtA,26704,27817,1	mdtB,27816,30867,1	mdtD,190525,192013,-1	baeS,828854,830255,-1	baeR,830254,830956,-1	mdtC,921922,925051,1	
NC_000907:mdtD,898106,899498,1	mdtA,947367,948516,1	mdtB,948515,951614,1	baeS,1474350,1475628,-1	baeR,1475624,1476320,-1	
NC_002663:baeR,238417,239089,1	baeS,239075,240449,1	mdtB,1329613,1332712,-1	mdtA,1333192,1334356,-1	mdtD,2009017,2010403,-1	
NC_005061:
NC_011833:
NC_003143:baeS,82236,83613,-1	baeR,83609,84308,-1	mdtB,439230,442317,1	mdtA,3179357,3180692,1	mdtC,3180691,3183850,1	mdtC,3183846,3186921,1	mdtD,3186954,3188352,1	
NC_004741:mdtB,417585,420735,-1	mdtA,420757,421951,-1	mdtC,2148041,2151107,1	mdtD,2151107,2152523,1	baeS,2152519,2153923,1	baeR,2153919,2154642,1	
NC_000913:mdtB,598713,601857,1	mdtA,2154015,2155263,1	mdtC,2155262,2158385,1	mdtC,2158385,2161463,1	mdtD,2161463,2162879,1	baeS,2162875,2164279,1	baeR,2164275,2164998,1	
NC_003197:mdtA,2214283,2215525,1	mdtC,2215524,2218647,1	mdtC,2218647,2221728,1	mdtD,2221724,2223137,1	baeS,2223136,2224540,1	baeR,2224536,2225259,1	mdtB,2593646,2596760,1	
