ssuA,a	ssuB,b	ssuC,c	ssuD,d	ssuE,e	
NC_003384:
NC_002163:
NC_004917:
NC_005090:ssuC,864991,864208,+1	ssuB,864221,863483,+1	
NC_002696:ssuC,670708,671599,1	ssuB,671611,672397,1	ssuD,1328004,1329072,1	
NC_004463:ssuA,7721211,7720260,+1	ssuD,7720119,7718955,+1	ssuC,7718959,7718152,+1	ssuB,7718132,7717295,+1	
NC_003065:ssuC,68747,69689,1	ssuB,69685,70489,1	ssuA,70515,71478,1	ssuD,93298,94525,-1	ssuD,94521,95814,-1	
NC_003047:ssuB,2770075,2769238,+1	ssuC,2769227,2768363,+1	ssuA,2768305,2767270,+1	
NC_002678:ssuA,3624441,3623487,+1	ssuD,3623397,3622239,+1	ssuC,3622243,3621466,+1	ssuB,3621459,3620661,+1	ssuE,4158458,4157897,-1	
NC_012442:ssuC,1169116,1168375,+1	ssuB,1168367,1167653,+1	ssuA,1167638,1166678,+1	
NC_004310:ssuB,8447,6821,+1	ssuC,222722,221945,+1	
NC_004757:ssuC,1299267,1298478,+1	ssuB,1298482,1297687,+1	
NC_005085:ssuA,3116339,3115349,+1	ssuB,3115347,3114561,+1	ssuC,3114565,3113716,+1	
NC_003112:
NC_003295:ssuE,1424852,1425497,1	ssuA,1425632,1426643,1	ssuD,1426669,1427833,1	ssuC,1427844,1428639,1	ssuB,1428655,1429510,1	
NC_002929:ssuA,3883502,3884471,1	ssuC,3884534,3885305,1	ssuB,3885313,3886084,1	
NC_002927:ssuA,87495,88497,1	ssuC,88560,89331,1	ssuB,89318,90110,1	ssuE,676439,677048,-1	ssuC,677055,677841,-1	ssuB,677856,678672,-1	
NC_002928:ssuA,88691,89693,1	ssuC,89756,90527,1	ssuB,90514,91306,1	ssuE,675419,676028,-1	ssuC,676035,676821,-1	ssuB,676836,677652,-1	
NC_002488:
NC_003919:ssuE,1011313,1010749,+1	ssuD,1010539,1009375,+1	ssuA,1009364,1008359,+1	ssuC,1008351,1007499,+1	ssuB,1007503,1006744,+1	
NC_007086:ssuE,388001,388583,1	ssuB,4107953,4108793,1	ssuC,4108789,4109671,1	
NC_002516:ssuA,3855242,3854240,+1	ssuC,3854237,3853412,+1	ssuB,3853416,3852666,+1	ssuE,3852513,3851919,+1	ssuA,3851801,3850829,+1	ssuD,3850752,3849603,+1	ssuC,3849583,3848794,+1	ssuB,3848798,3847973,+1	
NC_002947:ssuE,290938,291532,1	ssuA,291617,292583,1	ssuD,292642,293791,1	ssuC,293801,294599,1	ssuB,294595,295408,1	
NC_004632:
NC_004349:
NC_004460:ssuC,418880,417911,+1	ssuB,417900,417057,+1	
NC_004605:ssuB,126970,126211,+1	ssuC,126219,125418,+1	
NC_000907:ssuB,380642,381365,1	ssuC,381361,382099,1	
NC_002663:ssuB,1459384,1458655,+1	ssuC,1458678,1457913,+1	
NC_005061:
NC_011833:
NC_003132:
NC_003384:
NC_004741:ssuB,274445,273677,+1	ssuC,273681,272853,+1	ssuE,988207,987631,+1	ssuA,987639,986679,+1	ssuD,986683,985537,+1	
NC_000913:ssuE,997512,996936,+1	ssuA,996944,995984,+1	ssuD,995988,994842,+1	ssuC,994832,994040,+1	ssuB,994044,993276,+1	
