acpP,a	fabD,b	fabF,c	fabH,d	plsX,e	rpmF,f	yceD,g	
NC_003197:yceD,1275272,1275794,1	rpmF,1275845,1276019,1	plsX,1276152,1277232,1	fabH,1277311,1278265,1	fabD,1278280,1279210,1	acpP,1280112,1280349,1	fabF,1280434,1281676,1	
NC_002163:fabD,120762,121683,1	fabH,298882,299857,-1	plsX,299849,300836,-1	fabF,410052,411267,1	
NC_005090:fabD,521423,520484,-1	acpP,616383,616152,+1	fabF,616071,614829,+1	plsX,1891758,1890762,+1	fabH,1890753,1889760,+1	
NC_004917:plsX,658844,659846,1	fabH,659855,660854,1	fabF,707694,708930,-1	acpP,709005,709236,-1	fabD,1243744,1244680,1	
NC_002696:plsX,1520315,1521398,1	fabH,1521403,1522372,1	fabD,1848233,1849178,1	acpP,1851052,1851289,1	fabF,1851455,1852736,1	
NC_004463:fabD,4515193,4516153,1	acpP,4517304,4517544,1	fabF,4517653,4518919,1	fabH,5566378,5567359,-1	plsX,5567355,5568417,-1	
NC_003047:fabD,1240669,1241614,1	acpP,1242712,1242949,1	fabF,1243254,1244520,1	plsX,1329298,1330342,1	fabH,1330360,1331332,1	rpmF,3548599,3548785,-1	
NC_003064:
NC_002679:
NC_004311:
NC_012442:
NC_004757:yceD,1776160,1776667,1	rpmF,1776707,1776890,1	plsX,1776940,1777987,1	fabH,1777995,1778952,1	fabD,1778955,1779894,1	acpP,1780860,1781106,1	fabF,1781139,1782381,1	
NC_005085:acpP,3707481,3707205,+1	fabF,3707040,3705798,+1	yceD,3712247,3711725,+1	rpmF,3711678,3711498,+1	plsX,3711442,3710404,+1	fabH,3710399,3709439,+1	fabD,3709314,3708384,+1	
NC_003112:acpP,228145,227908,+1	fabF,227753,226505,+1	rpmF,2011141,2010961,-1	plsX,2012987,2011931,-1	fabH,2014934,2013971,-1	fabD,2016408,2015481,-1	
NC_003295:yceD,1101588,1102128,1	rpmF,1102242,1102422,1	plsX,1102626,1103691,1	fabH,1103728,1104709,1	fabD,1104741,1105671,1	acpP,1106628,1106868,1	fabF,1106979,1108212,1	
NC_002929:acpP,2582903,2582663,+1	fabF,2582474,2581244,+1	yceD,2587785,2587191,+1	rpmF,2587140,2586957,+1	plsX,2586901,2585842,+1	fabH,2585843,2584856,+1	fabD,2584775,2583839,+1	
NC_002928:acpP,3562579,3562282,+1	fabF,3562093,3560863,+1	yceD,3567404,3566810,+1	rpmF,3566759,3566576,+1	plsX,3566520,3565461,+1	fabH,3565465,3564475,+1	fabD,3564394,3563458,+1	
NC_002927:acpP,3978980,3978740,+1	fabF,3978551,3977321,+1	yceD,3983862,3983268,+1	rpmF,3983217,3983034,+1	plsX,3982978,3981919,+1	fabH,3981923,3980933,+1	fabD,3980852,3979916,+1	
NC_002489:
NC_003919:rpmF,1274155,1274350,1	fabH,1274440,1275418,1	fabD,1276382,1277327,1	acpP,1278357,1278597,1	fabF,1278738,1279974,1	
NC_007086:acpP,3872091,3871851,+1	fabF,3871711,3870475,+1	fabD,3874013,3873068,+1	yceD,3876525,3876015,+1	rpmF,3875919,3875724,+1	fabH,3875635,3874657,+1	
NC_002516:acpP,3325183,3324946,+1	fabF,3324818,3323573,+1	yceD,3328935,3328398,+1	rpmF,3328385,3328202,+1	plsX,3328169,3327188,+1	fabD,3327083,3326144,+1	fabH,3679386,3678333,+1	
NC_002947:yceD,2154828,2155356,1	rpmF,2155369,2155552,1	plsX,2155555,2156566,1	fabD,2156693,2157632,1	acpP,2158591,2158828,1	fabF,2159015,2160260,1	fabH,4970634,4971564,-1	
NC_004633:
NC_004349:
NC_004603:acpP,2154258,2154024,+1	fabF,2153931,2152680,+1	yceD,2159019,2158494,+1	rpmF,2158435,2158264,+1	plsX,2158254,2157228,+1	fabH,2157223,2156272,+1	fabD,2156196,2155272,+1	
NC_004460:
NC_000907:acpP,171160,170929,+1	fabD,173099,172160,+1	yceD,175580,175055,+1	rpmF,175033,174862,+1	fabH,174677,173726,+1	fabF,1606367,1605146,+1	
NC_002663:fabF,399150,400371,1	yceD,2151376,2151901,1	rpmF,2151918,2152089,1	plsX,2152148,2153138,1	fabH,2153217,2154171,1	fabD,2154232,2155171,1	acpP,2156183,2156414,1	
NC_005061:acpP,444803,444566,+1	rpmF,448900,448729,+1	plsX,448709,447674,+1	fabH,447663,446706,+1	fabD,446678,445712,+1	fabF,554051,552833,+1	
NC_011833:
NC_003143:yceD,1819521,1820046,1	rpmF,1820058,1820226,1	plsX,1820259,1821294,1	fabH,1821300,1822251,1	fabD,1822288,1823218,1	acpP,1824119,1824356,1	fabF,1824450,1825692,1	
NC_004741:yceD,1137402,1137924,1	rpmF,1137975,1138149,1	plsX,1138229,1139300,1	fabH,1139367,1140321,1	fabD,1140336,1141266,1	acpP,1142223,1142460,1	fabF,1142546,1143788,1	
NC_000913:yceD,1146793,1147315,1	rpmF,1147366,1147540,1	plsX,1147620,1148691,1	fabH,1148758,1149712,1	fabD,1149727,1150657,1	acpP,1151614,1151851,1	fabF,1151938,1153180,1	
NC_003197:yceD,1275272,1275794,1	rpmF,1275845,1276019,1	plsX,1276152,1277232,1	fabH,1277311,1278265,1	fabD,1278280,1279210,1	acpP,1280112,1280349,1	fabF,1280434,1281676,1	
